
10 ! RXB EXAMPLE CALL IO      (SOUND LIST)
100 A=8191
110 DATA 5,159,191,223,255,227,1
120 DATA 9,142,1,164,2,197,1,144,182,211,6
130 DATA 3,145,183,212,5
140 DATA 3,146,184,213,4
150 DATA 5,167,4,147,176,214,5
160 DATA 3,148,177,215,6
170 DATA 3,149,178,216,7
180 DATA 5,202,2,150,179,208,6
190 DATA 3,151,180,209,5
200 DATA 3,152,181,210,4
210 DATA 5,133,3,144,182,211,5
220 DATA 3,145,183,212,6
230 DATA 3,146,184,213,7
240 DATA 5,164,2,147,176,214,6
250 DATA 3,148,177,215,5
260 DATA 3,149,178,216,4
270 DATA 5,197,1,150,179,208,5
280 DATA 3,151,180,209,6
290 DATA 3,152,181,210,7
300 DATA 3,159,191,223,0
310 A=A+1 :: READ B :: CALL POKEV(A,B)
320 IF B=0 THEN 330 ELSE 310
330 CALL IO(1,8192)
